10 4.494757879348028e-05 4.4459388369605656e-05 4.881904238746279e-07
20 4.073551722935268e-05 4.013379414876302e-05 6.017230805896577e-07
40 3.6103384835379463e-06 2.7474902925037202e-06 8.628481910342262e-07
80 9.082612537202381e-06 7.413682483491443e-06 1.6689300537109375e-06
160 4.138265337262835e-05 3.896440778459821e-05 2.418245588030134e-06
320 7.470448811848958e-06 2.736137026832217e-06 4.734311785016741e-06
640 1.1875515892392113e-05 2.724783761160714e-06 9.150732131231398e-06
1280 0.00011186372666131883 9.327843075706847e-05 1.858529590425037e-05
2560 0.00020795776730492 0.0001686641148158482 3.92936524890718e-05
5120 8.134614853631883e-05 3.1448545910063242e-06 7.82012939453125e-05
10240 0.00016305560157412575 6.993611653645833e-06 0.0001560619899204799
