2.061843872070312e-03 1.775979995727539e-03 2.858638763427734e-04
6.761550903320312e-04 5.180835723876953e-04 1.580715179443359e-04
5.359649658203125e-04 3.769397735595703e-04 1.590251922607422e-04
5.199909210205078e-04 3.609657287597656e-04 1.590251922607422e-04
5.979537963867188e-04 4.391670227050781e-04 1.587867736816406e-04
5.669593811035156e-04 4.019737243652344e-04 1.649856567382812e-04
5.209445953369141e-04 3.619194030761719e-04 1.590251922607422e-04
5.679130554199219e-04 4.091262817382812e-04 1.587867736816406e-04
5.331039428710938e-04 3.740787506103516e-04 1.590251922607422e-04
5.409717559814453e-04 3.819465637207031e-04 1.590251922607422e-04
5.350112915039062e-04 3.771781921386719e-04 1.578330993652344e-04
5.869865417480469e-04 4.279613494873047e-04 1.590251922607422e-04
5.321502685546875e-04 3.671646118164062e-04 1.649856567382812e-04
5.340576171875000e-04 3.759860992431641e-04 1.580715179443359e-04
5.390644073486328e-04 3.681182861328125e-04 1.709461212158203e-04
5.159378051757812e-04 3.569126129150391e-04 1.590251922607422e-04
5.910396575927734e-04 4.320144653320312e-04 1.590251922607422e-04
5.309581756591797e-04 3.719329833984375e-04 1.590251922607422e-04
5.450248718261719e-04 3.859996795654297e-04 1.590251922607422e-04
5.228519439697266e-04 3.647804260253906e-04 1.580715179443359e-04
5.910396575927734e-04 4.332065582275391e-04 1.578330993652344e-04
